>>Per base sequence content	pass
#Base	G	A	T	C	N
1	25.1016	27.2532	23.6194	24.0258	0
2	26.4643	26.9663	23.7628	22.711	0.0956251
3	23.9063	25.3646	26.5599	24.1214	0.0478126
4	24.6952	24.9582	25.1972	25.0777	0.0717189
5	25.508	26.3447	24.5518	23.4999	0.0956251
6	25.0299	25.4841	25.006	24.48	0
7	25.5797	25.3885	24.6713	24.3127	0.0478126
8	24.0736	25.8905	25.0299	24.9343	0.0717189
9	24.6235	24.3127	25.9622	25.1016	0
10	23.978	24.3844	25.8427	25.771	0.0239063
11	24.8864	24.2171	25.7232	25.1733	0
12	25.4363	24.241	23.4521	26.775	0.0956251
13	25.245	24.5279	25.3885	24.8386	0
14	25.508	24.1693	24.6235	25.6275	0.0717189
15	24.9821	24.7669	24.2888	25.9383	0.0239063
16	23.8824	26.0339	23.6433	26.3925	0.0478126
17	24.743	23.6433	25.2929	26.2969	0.0239063
18	26.0579	23.7868	23.9063	26.2013	0.0478126
19	24.8625	25.1972	24.9104	25.006	0.0239063
20	26.2252	23.4521	24.0736	26.2013	0.0478126
21	24.7669	23.9302	25.1016	26.1296	0.0717189
22	24.4083	24.5279	24.8147	26.2013	0.0478126
23	25.2211	25.5797	23.5716	25.5797	0.0478126
24	25.6514	24.5039	23.9541	25.8427	0.0478126
25	25.1494	24.8625	25.4841	24.5039	0
26	24.5757	24.6474	25.1972	25.1494	0.430313
27	25.6036	23.4999	25.5797	24.743	0.573751
28	24.241	24.5039	25.006	25.6754	0.573751
29	25.1255	23.978	24.5279	25.5797	0.788907
30	25.9622	23.8585	24.6235	25.006	0.549845
31	25.4124	24.48	24.5996	24.8147	0.693282
32	24.9582	24.5518	24.8625	24.5039	1.1236
33	25.7232	23.6672	23.7868	26.2969	0.525938
34	24.5039	24.8386	24.6235	25.006	1.02797
35	24.6952	24.0975	24.6474	25.6754	0.884533
36	26.5599	22.7827	24.9821	25.1255	0.549845
37	25.2211	25.1494	24.0019	24.6713	0.956252
38	24.6952	24.4083	24.5757	25.1494	1.17141
39	24.2888	24.9104	23.0935	26.1535	1.55391
40	25.4841	24.6235	23.6672	24.7669	1.45828
41	24.1932	24.4083	24.3127	25.6754	1.41047
42	24.3605	24.6474	24.5518	24.9582	1.48219
43	24.6952	24.9821	24.5279	24.5996	1.19531
44	24.9582	23.7389	25.7471	24.3127	1.24313
45	24.6474	24.7191	23.6433	25.5558	1.43438
46	24.9821	25.1016	23.7868	24.8864	1.24313
47	25.2689	24.1932	24.241	25.2689	1.02797
48	25.245	25.4363	23.3564	24.9582	1.00406
49	24.9104	24.5039	24.3605	24.8147	1.41047
50	24.7191	23.213	24.7191	26.4882	0.860626
51	25.3646	24.4083	25.2689	23.715	1.24313
52	24.6235	25.4124	23.7628	24.8864	1.31485
53	24.2649	24.0975	25.3168	24.8147	1.5061
54	24.9821	23.2608	24.6952	25.5797	1.48219
55	24.7191	24.6235	23.7389	25.5319	1.38656
56	25.006	23.978	24.8147	24.5279	1.67344
57	24.5039	23.5477	24.7908	25.7232	1.43438
58	24.5039	24.8386	23.6911	25.9861	0.980158
59	25.9144	24.6713	23.1413	24.8386	1.43438
60	24.7669	25.2689	23.3325	25.3168	1.31485
61	25.6993	24.0736	24.3605	24.7669	1.09969
62	24.1453	24.0975	25.2929	24.6952	1.76907
63	24.8864	24.6235	23.7389	25.4363	1.31485
64	24.7669	23.715	24.6235	25.2929	1.60172
65	25.2689	23.7628	24.1453	25.3168	1.5061
66	24.9582	24.1453	23.1652	26.6077	1.1236
67	25.9861	24.0019	24.9104	24.3127	0.788907
68	25.0538	24.7669	23.7868	24.9343	1.45828
69	24.9343	23.8824	24.7191	24.5757	1.8886
70	24.5757	23.9063	24.9582	25.3407	1.21922
71	24.8625	23.6433	24.8864	25.0538	1.55391
72	25.8427	24.6474	24.1453	23.8824	1.48219
73	24.5757	25.1494	24.6235	24.0258	1.62563
74	24.0019	23.3803	25.2211	25.8905	1.5061
75	26.4164	23.4521	24.4083	24.2171	1.5061
76	24.1214	25.3885	24.7669	24.241	1.48219
77	25.4124	24.4322	24.8386	23.5238	1.79297
78	24.0736	23.8824	25.1972	24.8625	1.98422
79	25.1733	23.6433	24.6952	24.8625	1.62563
80	25.3407	22.7827	24.0736	26.3925	1.41047
81	26.5599	23.0696	24.3366	24.743	1.29094
82	25.1255	24.241	24.4083	24.5279	1.69735
83	24.4083	23.4521	25.3885	25.1972	1.55391
84	23.978	24.0975	25.1972	24.7908	1.93641
85	25.6036	23.7389	24.4083	24.3605	1.8886
86	25.2689	22.7827	24.1932	25.9383	1.81688
87	24.5996	23.9063	24.6235	25.2211	1.64953
88	24.9104	24.1932	23.6672	25.2929	1.93641
89	25.6036	23.4282	23.8107	25.2689	1.8886
90	24.743	24.6235	24.0497	25.2929	1.29094
91	25.7471	23.6433	23.2608	25.4602	1.8886
92	24.0736	23.6194	25.2929	25.8427	1.17141
93	24.3366	23.0696	24.6474	26.4882	1.45828
94	26.0818	23.3803	24.3605	24.743	1.43438
95	25.6993	22.6393	24.8386	25.245	1.57781
96	25.1972	22.9978	24.4322	25.4841	1.8886
97	26.4643	22.8783	23.978	24.8386	1.84078
98	25.245	23.978	24.1932	24.9104	1.67344
99	25.1255	22.5914	23.8346	26.5121	1.93641
100	25.1255	23.5238	25.4841	24.6235	1.24313
