##FastQC	0.10.1
>>Basic Statistics	pass
#Measure	Value	
Filename	s_6_1_small.fastq	
File type	Conventional base calls	
Encoding	Sanger / Illumina 1.9	
Total Sequences	4183	
Filtered Sequences	0	
Sequence length	100	
%GC	50	
>>END_MODULE
>>Per base sequence quality	fail
#Base	Mean	Median	Lower Quartile	Upper Quartile	10th Percentile	90th Percentile
1	38.28233325364571	39.0	39.0	39.0	37.0	39.0
2	38.020081281377	39.0	38.0	39.0	36.0	39.0
3	38.07171886206072	39.0	38.0	39.0	36.0	39.0
4	38.04087975137461	39.0	38.0	39.0	36.0	39.0
5	38.018885967009325	39.0	38.0	39.0	36.0	39.0
6	38.07339230217547	39.0	39.0	39.0	36.0	39.0
7	38.02318909873296	39.0	38.0	39.0	36.0	39.0
8	38.036576619650965	39.0	38.0	39.0	36.0	39.0
9	38.09275639493187	39.0	38.0	39.0	36.0	39.0
10-14	38.023810662204156	39.0	38.0	39.0	36.0	39.0
15-19	37.961654315084864	39.0	38.0	39.0	36.0	39.0
20-24	37.78240497250776	39.0	38.0	39.0	35.6	39.0
25-29	37.33741333970835	39.0	37.6	39.0	34.6	39.0
30-34	36.928328950513986	39.0	37.0	39.0	33.4	39.0
35-39	36.60081281377002	39.0	36.8	39.0	32.8	39.0
40-44	36.28721013626584	39.0	36.4	39.0	32.0	39.0
45-49	36.12005737508965	39.0	36.0	39.0	31.2	39.0
50-54	35.61171408080325	38.2	35.8	39.0	29.8	39.0
55-59	35.114989242170694	38.0	35.2	39.0	28.4	39.0
60-64	34.55314367678699	38.0	34.4	39.0	26.4	39.0
65-69	33.972746832416924	37.0	33.4	39.0	25.2	39.0
70-74	33.18680372938083	36.8	32.8	38.8	22.0	39.0
75-79	32.41577814965336	36.2	31.6	38.6	18.8	39.0
80-84	31.43600286875448	36.0	30.2	38.0	13.6	39.0
85-89	30.213530958642128	35.4	28.6	38.0	2.8	39.0
90-94	28.354817116901746	33.8	24.6	37.2	2.0	39.0
95-99	26.42146784604351	32.6	18.8	36.8	2.0	38.6
100	23.121922065503227	29.0	2.0	36.0	2.0	38.0
>>END_MODULE
>>Per sequence quality scores	pass
#Quality	Count
2	3.0
3	0.0
4	1.0
5	1.0
6	1.0
7	2.0
8	6.0
9	6.0
10	15.0
11	10.0
12	13.0
13	7.0
14	13.0
15	11.0
16	14.0
17	8.0
18	19.0
19	19.0
20	20.0
21	23.0
22	21.0
23	28.0
24	36.0
25	37.0
26	44.0
27	39.0
28	60.0
29	64.0
30	84.0
31	111.0
32	123.0
33	201.0
34	278.0
35	441.0
36	709.0
37	1113.0
38	602.0
>>END_MODULE
>>Per base sequence content	pass
#Base	G	A	T	C
1	25.101601721252692	27.25316758307435	23.619411905331102	24.02581879034186
2	26.48959081119885	26.99210337401292	23.785594639865998	22.73271117492223
3	23.91772303276728	25.376704137766087	26.572590289404445	24.132982540062187
4	24.71291866028708	24.976076555023923	25.21531100478469	25.095693779904305
5	25.532424024886335	26.369944962909784	24.575257238573823	23.522373773630054
6	25.029882859191964	25.484102318909873	25.005976571838396	24.480038250059767
7	25.59196364506099	25.40062186079885	24.683090169815834	24.324324324324326
8	24.09090909090909	25.90909090909091	25.04784688995215	24.95215311004785
9	24.62347597418121	24.312694238584747	25.962228065981353	25.101601721252692
10-14	25.020328119768497	24.317214330128664	25.015545032764148	25.646912517338688
15-19	24.913908551750527	24.69389707289076	24.41649129519801	25.975703080160706
20-24	25.267891312667434	24.411595866819745	24.31592039800995	26.00459242250287
25-29	25.057647963105307	24.413912375096082	25.278631821675635	25.249807840122983
30-34	25.512023516938942	24.47110982603248	24.692785889836635	25.32408076719194
35-39	25.35143229795662	24.520554562581516	24.51089319356553	25.617119945896334
40-44	25.078764965343414	24.81702292666376	24.899423198099946	25.204788909892876
45-49	25.320683479355242	25.098020233312358	24.1734837116995	25.4078125756329
50-54	25.112607158424954	24.390952680776866	25.073860609289483	25.422579551508694
55-59	25.278774362455152	24.672743139726556	24.372151653253177	25.676330844565108
60-64	25.210980696478806	24.706567077311085	24.619264720147445	25.463187506062663
65-69	25.586467623109733	24.442613416052733	24.47654129507561	25.494377665761924
70-74	25.143162185771136	24.5074250218383	25.138309230321266	25.211103562069297
75-79	25.466835246061077	24.57206769111068	25.20424042015172	24.75685664267652
80-84	25.48457614768035	23.905756618897257	25.07651202331795	25.533155210104447
85-89	25.66850129073109	24.0514344162486	24.59208026886172	25.687984024158588
90-94	25.363865709295556	24.015136813506697	24.67979817581991	25.941199301377836
95-99	26.010125596339208	23.43491383506961	24.69574530230747	25.859215266283712
100	25.441781650931976	23.81989832970225	25.804889857177436	24.933430162188333
>>END_MODULE
>>Per base GC content	pass
#Base	%GC
1	49.12742051159455
2	49.22230198612108
3	48.050705572829465
4	49.80861244019138
5	49.05479779851639
6	49.50992110925173
7	49.916287969385316
8	49.04306220095694
9	49.7250776954339
10-14	50.66724063710719
15-19	50.88961163191122
20-24	51.272483735170304
25-29	50.30745580322829
30-34	50.83610428413089
35-39	50.96855224385295
40-44	50.2835538752363
45-49	50.728496054988135
50-54	50.53518670993364
55-59	50.95510520702027
60-64	50.674168202541466
65-69	51.08084528887166
70-74	50.35426574784043
75-79	50.2236918887376
80-84	51.01773135778479
85-89	51.356485314889674
90-94	51.30506501067339
95-99	51.86934086262291
100	50.375211813120316
>>END_MODULE
>>Per sequence GC content	warn
#GC Content	Count
0	0.0
1	0.0
2	0.0
3	0.0
4	0.5
5	0.5
6	0.5
7	1.0
8	1.0
9	1.5
10	1.0
11	1.5
12	3.5
13	3.5
14	3.0
15	4.5
16	6.5
17	4.5
18	2.0
19	3.0
20	3.5
21	2.0
22	1.5
23	2.0
24	3.5
25	4.5
26	6.5
27	9.5
28	10.0
29	9.5
30	11.5
31	20.0
32	19.5
33	15.5
34	22.5
35	29.0
36	33.0
37	36.0
38	40.0
39	48.0
40	60.0
41	70.5
42	81.0
43	95.5
44	108.5
45	118.0
46	123.0
47	153.5
48	180.5
49	209.5
50	232.5
51	239.5
52	247.0
53	248.0
54	242.0
55	224.5
56	214.5
57	190.0
58	164.0
59	136.0
60	116.0
61	97.5
62	71.0
63	57.5
64	44.5
65	29.0
66	22.0
67	16.0
68	10.0
69	7.0
70	2.5
71	1.0
72	2.5
73	2.0
74	0.0
75	0.0
76	0.0
77	0.5
78	0.5
79	0.0
80	0.0
81	0.0
82	0.0
83	0.0
84	0.0
85	0.0
86	0.0
87	0.0
88	0.0
89	0.0
90	0.0
91	0.0
92	0.0
93	0.0
94	0.0
95	0.0
96	0.0
97	0.0
98	0.0
99	0.0
100	0.0
>>END_MODULE
>>Per base N content	pass
#Base	N-Count
1	0.0
2	0.09562514941429597
3	0.04781257470714798
4	0.07171886206072196
5	0.09562514941429597
6	0.0
7	0.04781257470714798
8	0.07171886206072196
9	0.0
10-14	0.03825005976571839
15-19	0.03346880229500358
20-24	0.05259383217786278
25-29	0.473344489600765
30-34	0.784126225197227
35-39	1.0231890987329668
40-44	1.3578771216830026
45-49	1.2240019125029884
50-54	1.281377002151566
55-59	1.3817834090365766
60-64	1.4200334688022949
65-69	1.353095864212288
70-74	1.4774085584508725
75-79	1.6782213722208943
80-84	1.5778149653358835
85-89	1.8360028687544823
90-94	1.4487210136265838
95-99	1.7834090365766195
100	1.2431269423858475
>>END_MODULE
>>Sequence Length Distribution	pass
#Length	Count
100	4183.0
>>END_MODULE
>>Sequence Duplication Levels	pass
#Total Duplicate Percentage	0.09562514941429597
#Duplication Level	Relative count
1	100.0
2	0.04785833931562575
3	0.0
4	0.0
5	0.0
6	0.0
7	0.0
8	0.0
9	0.0
10++	0.0
>>END_MODULE
>>Overrepresented sequences	pass
>>END_MODULE
>>Kmer Content	warn
#Sequence	Count	Obs/Exp Overall	Obs/Exp Max	Max Obs/Exp Position
TTTTT	1110	3.135472	6.826766	95-96
AAAAA	1075	3.0194838	7.98496	4
CGCCA	1075	2.6473582	5.8340683	7
CAGCG	975	2.400065	5.831572	4
GAAAA	870	2.3638728	5.1494646	5
TGATG	855	2.2523398	6.2482076	3
ATTTT	795	2.2431378	6.684303	6
AAAAT	760	2.1371205	5.3293304	5
AAAAC	770	2.093059	5.1516695	6
TTATC	735	2.0047097	5.175375	3
AACGC	745	1.8958068	6.028442	7
ACCAG	725	1.8449125	6.0284414	4
AAATC	660	1.7960806	6.446873	1
CAGTT	675	1.778924	6.250882	3
TTATT	630	1.7775809	5.347442	1
TTTCT	650	1.7748786	5.175026	4
AACTG	655	1.724264	5.089645	95-96
GATAA	615	1.6729044	5.1552916	2
TTGAT	610	1.6630608	5.1669655	2
CATCG	645	1.6431932	6.035263	1
TTGCG	640	1.6316019	6.039507	7
ATCAC	605	1.5933226	5.091824	95-96
AAACA	585	1.5901811	6.4395866	1
AGAAA	580	1.5759151	5.1494646	5
TAAAA	560	1.5747203	9.33751	3
CTTTC	585	1.5441394	5.0025086	4
GCCAT	600	1.5285519	6.035263	1
TTCTG	570	1.5039023	6.2504606	5
TATTT	530	1.4954252	5.347442	5
AATGC	560	1.4741801	6.23634	8
TGTTT	535	1.4602367	5.179014	3
CAATA	530	1.4423071	5.1636825	3
TGGAA	540	1.4209225	6.2411456	3
AAAGA	520	1.4128896	5.149465	6
ATATC	515	1.4030728	5.169525	3
GTCAG	550	1.400573	6.0326805	7
AGCGG	565	1.3902119	5.8290772	5
GCTTC	540	1.3772534	6.042093	6
TTCAA	505	1.3758287	5.163334	8
GATGG	540	1.3745197	6.0300994	7
ATGTT	490	1.3359014	5.1669655	2
TTAAA	470	1.3231356	5.3353605	2
TTTAC	470	1.2819232	5.169177	7
CATTA	450	1.225986	7.745001	1
AATCG	465	1.2240958	6.2363396	2
AAATA	435	1.2232202	5.3293304	7
GACGC	465	1.1446465	5.838565	3
TATCC	430	1.1337255	6.2460685	4
AGATG	420	1.1051618	6.23367	6
ATCGT	410	1.0805316	6.243396	8
TATTA	335	0.9441532	5.341398	2
TTATG	335	0.9133203	5.1669655	4
>>END_MODULE
